NAME : OCPPP14.gtsp
TYPE : AGTSP
COMMENT : 14 node
DIMENSION : 14
GTSP_SETS : 7
EDGE_WEIGHT_TYPE : EXPLICIT
EDGE_WEIGHT_FORMAT : FULL_MATRIX
EDGE_WEIGHT_SECTION
3160 3240 3140 3220 3080 3160 2740 2200 2560 2020 2340 1800 2080 1540 
3240 3160 3220 3140 3160 3080 2420 1640 2240 1460 2020 1240 1760 980 
3140 3220 3160 3240 3140 3220 2880 2340 2740 2200 2560 2020 2340 1800 
3220 3140 3240 3160 3220 3140 2560 1780 2420 1640 2240 1460 2020 1240 
3080 3160 3140 3220 3160 3240 2980 2440 2880 2340 2740 2200 2560 2020 
3160 3080 3220 3140 3240 3160 2660 1880 2560 1780 2420 1640 2240 1460 
1640 2200 1780 2340 1880 2440 3060 3240 3040 3220 2980 3160 2880 3060 
2420 2740 2560 2880 2660 2980 3240 3060 3220 3040 3160 2980 3060 2880 
1460 2020 1640 2200 1780 2340 3040 3220 3060 3240 3040 3220 2980 3160 
2240 2560 2420 2740 2560 2880 3220 3040 3240 3060 3220 3040 3160 2980 
1240 1800 1460 2020 1640 2200 2980 3160 3040 3220 3060 3240 3040 3220 
2020 2340 2240 2560 2420 2740 3160 2980 3220 3040 3240 3060 3220 3040 
980 1540 1240 1800 1460 2020 2880 3060 2980 3160 3040 3220 3060 3240 
1760 2080 2020 2340 2240 2560 3060 2880 3160 2980 3220 3040 3240 3060 


GTSP_SET_SECTION
1 1 2 -1 
2 3 4 -1 
3 5 6 -1 
4 7 8 -1 
5 9 10 -1 
6 11 12 -1 
7 13 14 -1 
EOF