NAME : OCPPP0728-1.gtsp
TYPE : AGTSP
COMMENT : 14 node
DIMENSION : 14
GTSP_SETS : 7
EDGE_WEIGHT_TYPE : EXPLICIT
EDGE_WEIGHT_FORMAT : FULL_MATRIX
EDGE_WEIGHT_SECTION
184 180 164 160 144 140 106 112 86 92 66 72 46 52 
180 184 160 164 140 144 110 116 90 96 70 76 50 56 
164 160 184 180 164 160 126 132 106 112 86 92 66 72 
160 164 180 184 160 164 130 136 110 116 90 96 70 76 
144 140 164 160 184 180 146 152 126 132 106 112 86 92 
140 144 160 164 180 184 150 156 130 136 110 116 90 96 
116 112 136 132 156 152 186 180 166 160 146 140 126 120 
110 106 130 126 150 146 180 186 160 166 140 146 120 126 
96 92 116 112 136 132 166 160 186 180 166 160 146 140 
90 86 110 106 130 126 160 166 180 186 160 166 140 146 
76 72 96 92 116 112 146 140 166 160 186 180 166 160 
70 66 90 86 110 106 140 146 160 166 180 186 160 166 
56 52 76 72 96 92 126 120 146 140 166 160 186 180 
50 46 70 66 90 86 120 126 140 146 160 166 180 186 


GTSP_SET_SECTION
1 1 2 -1 
2 3 4 -1 
3 5 6 -1 
4 7 8 -1 
5 9 10 -1 
6 11 12 -1 
7 13 14 -1 
EOF