NAME : OCPPP0728-1-quad.gtsp
TYPE : AGTSP
COMMENT : 14 node
DIMENSION : 14
GTSP_SETS : 7
EDGE_WEIGHT_TYPE : EXPLICIT
EDGE_WEIGHT_FORMAT : FULL_MATRIX
EDGE_WEIGHT_SECTION
4060 4050 3210 3200 2460 2450 1265 1280 815 830 465 480 215 230 
4050 4060 3200 3210 2450 2460 1275 1290 825 840 475 490 225 240 
3210 3200 4060 4050 3210 3200 1815 1830 1265 1280 815 830 465 480 
3200 3210 4050 4060 3200 3210 1825 1840 1275 1290 825 840 475 490 
2460 2450 3210 3200 4060 4050 2465 2480 1815 1830 1265 1280 815 830 
2450 2460 3200 3210 4050 4060 2475 2490 1825 1840 1275 1290 825 840 
1290 1280 1840 1830 2490 2480 4065 4050 3215 3200 2465 2450 1815 1800 
1275 1265 1825 1815 2475 2465 4050 4065 3200 3215 2450 2465 1800 1815 
840 830 1290 1280 1840 1830 3215 3200 4065 4050 3215 3200 2465 2450 
825 815 1275 1265 1825 1815 3200 3215 4050 4065 3200 3215 2450 2465 
490 480 840 830 1290 1280 2465 2450 3215 3200 4065 4050 3215 3200 
475 465 825 815 1275 1265 2450 2465 3200 3215 4050 4065 3200 3215 
240 230 490 480 840 830 1815 1800 2465 2450 3215 3200 4065 4050 
225 215 475 465 825 815 1800 1815 2450 2465 3200 3215 4050 4065 


GTSP_SET_SECTION
1 1 2 -1 
2 3 4 -1 
3 5 6 -1 
4 7 8 -1 
5 9 10 -1 
6 11 12 -1 
7 13 14 -1 
EOF