NAME : OCPPP0725-kernel10-quad.gtsp
TYPE : AGTSP
COMMENT : 20 node
DIMENSION : 20
GTSP_SETS : 10
EDGE_WEIGHT_TYPE : EXPLICIT
EDGE_WEIGHT_FORMAT : FULL_MATRIX
EDGE_WEIGHT_SECTION
4065 4050 3225 3205 2480 2450 1835 1800 1285 1250 835 805 485 460 230 215 90 80 80 80 
4050 4065 3210 3210 2465 2465 1820 1815 1270 1265 820 810 470 455 215 200 75 65 65 65 
3210 3205 4070 4050 3225 3205 2480 2455 1830 1805 1280 1250 830 805 475 460 235 225 225 225 
3210 3225 4050 4070 3205 3225 2460 2475 1810 1825 1260 1270 810 815 455 460 215 205 205 205 
2465 2450 3225 3205 4080 4050 3235 3200 2485 2450 1835 1805 1285 1260 830 815 490 480 480 480 
2465 2480 3205 3225 4050 4080 3205 3230 2455 2480 1805 1825 1255 1270 800 815 460 450 450 450 
1815 1800 2475 2455 3230 3200 4085 4050 3235 3200 2485 2455 1835 1810 1280 1265 840 830 830 830 
1820 1835 2460 2480 3205 3235 4050 4085 3200 3235 2450 2480 1800 1825 1255 1270 805 805 805 805 
1265 1250 1825 1805 2480 2450 3235 3200 4085 4050 3235 3205 2485 2460 1830 1815 1290 1280 1280 1280 
1270 1285 1810 1830 2455 2485 3200 3235 4050 4085 3200 3230 2450 2475 1805 1820 1255 1255 1255 1255 
810 805 1270 1250 1825 1805 2480 2455 3230 3205 4080 4050 3230 3205 2475 2460 1835 1825 1825 1825 
820 835 1260 1280 1805 1835 2450 2485 3200 3235 4050 4080 3200 3225 2455 2470 1805 1805 1805 1805 
455 460 815 805 1270 1260 1825 1810 2475 2460 3225 3205 4075 4050 3220 3205 2480 2470 2470 2470 
470 485 810 830 1255 1285 1800 1835 2450 2485 3200 3230 4050 4075 3205 3220 2455 2455 2455 2455 
200 215 460 460 815 815 1270 1265 1820 1815 2470 2460 3220 3205 4065 4050 3225 3215 3215 3215 
215 230 455 475 800 830 1255 1280 1805 1830 2455 2475 3205 3220 4050 4065 3210 3200 3200 3200 
65 80 205 225 450 480 805 830 1255 1280 1805 1825 2455 2470 3200 3215 4060 4050 4050 4050 
75 90 215 235 460 490 805 840 1255 1290 1805 1835 2455 2480 3210 3225 4050 4060 4060 4060 
65 80 205 225 450 480 805 830 1255 1280 1805 1825 2455 2470 3200 3215 4060 4050 4050 4050 
65 80 205 225 450 480 805 830 1255 1280 1805 1825 2455 2470 3200 3215 4060 4050 4050 4050 


GTSP_SET_SECTION
1 1 2 -1 
2 3 4 -1 
3 5 6 -1 
4 7 8 -1 
5 9 10 -1 
6 11 12 -1 
7 13 14 -1 
8 15 16 -1 
9 17 18 -1 
10 19 20 -1 
EOF